let V = [ 
	[ -0.296397,-0.002057,-0.091439 ],
	[ -0.301876,0.013203,-0.113411 ],
	[ -0.294675,-0.011780,-0.110941 ],
	[ -0.234488,-0.011361,-0.083531 ],
	[ -0.234488,0.025837,-0.097349 ],
	[ -0.235316,-0.006584,-0.084510 ],
	[ -0.235316,0.023093,-0.106441 ],
	[ -0.234629,-0.018472,-0.112241 ],
	[ -0.234488,-0.020932,-0.117680 ],
	[ -0.234379,0.004549,-0.127249 ],
	[ -0.215808,-0.190092,-0.067735 ],
	[ -0.215808,0.258294,-0.068030 ],
	[ -0.215808,-0.031168,-0.077371 ],
	[ -0.215808,-0.187722,-0.077371 ],
	[ -0.215808,0.189505,-0.077666 ],
	[ -0.215808,0.032950,-0.077667 ],
	[ -0.215808,-0.031168,-0.132076 ],
	[ -0.215808,-0.187722,-0.132076 ],
	[ -0.215808,0.189505,-0.132223 ],
	[ -0.215808,0.032950,-0.132224 ],
	[ -0.215808,-0.223300,-0.103983 ],
	[ -0.215808,-0.256508,-0.140231 ],
	[ -0.215808,0.225086,-0.104203 ],
	[ -0.215808,0.191877,-0.140377 ],
	[ -0.214326,0.191877,-0.068030 ],
	[ -0.214326,0.189505,-0.077666 ],
	[ -0.214326,0.032950,-0.077667 ],
	[ -0.214326,0.189505,-0.132223 ],
	[ -0.214326,0.032950,-0.132224 ],
	[ -0.214326,0.258294,-0.140377 ],
	[ -0.214326,0.225086,-0.104203 ],
	[ -0.214326,-0.256509,-0.067735 ],
	[ -0.214326,-0.031168,-0.077371 ],
	[ -0.214326,-0.187722,-0.077371 ],
	[ -0.214326,-0.031168,-0.132076 ],
	[ -0.214326,-0.187722,-0.132076 ],
	[ -0.214326,-0.190091,-0.140230 ],
	[ -0.214326,-0.223300,-0.103983 ],
	[ -0.200094,-0.018379,-0.087716 ],
	[ -0.200094,0.027436,-0.098834 ],
	[ -0.200094,-0.008012,-0.129992 ],
	[ -0.200081,0.004738,-0.075133 ],
	[ -0.200081,-0.013013,-0.078710 ],
	[ -0.200081,0.019242,-0.082029 ],
	[ -0.200081,-0.024934,-0.089471 ],
	[ -0.200081,0.026427,-0.090861 ],
	[ -0.200081,-0.028423,-0.107241 ],
	[ -0.200081,0.030004,-0.108612 ],
	[ -0.200081,-0.025165,-0.118151 ],
	[ -0.200081,0.023109,-0.123117 ],
	[ -0.200081,0.008076,-0.133215 ],
	[ -0.200081,-0.014402,-0.130072 ],
	[ -0.177113,0.006281,-0.059488 ],
	[ -0.177113,0.024194,-0.065049 ],
	[ -0.177113,-0.019835,-0.064838 ],
	[ -0.177113,0.022284,-0.142983 ],
	[ -0.177113,-0.021745,-0.142771 ],
	[ -0.168860,-0.003147,-0.148365 ],
	[ -0.176817,-0.032577,-0.066548 ],
	[ -0.176817,0.033840,-0.067439 ],
	[ -0.176817,-0.039897,-0.087740 ],
	[ -0.176817,0.042124,-0.095188 ],
	[ -0.176817,-0.041158,-0.112923 ],
	[ -0.176817,0.040863,-0.120374 ],
	[ -0.176817,-0.032874,-0.140673 ],
	[ -0.176817,0.033543,-0.141564 ],
	[ -0.104506,0.001937,0.478961 ],
	[ -0.104506,-0.000945,0.478961 ],
	[ -0.104506,0.001937,0.447633 ],
	[ -0.104506,-0.000945,0.447633 ],
	[ -0.084307,0.021889,-0.142816 ],
	[ -0.084307,-0.022280,-0.142818 ],
	[ -0.069780,-0.032577,-0.066548 ],
	[ -0.069780,-0.040388,-0.090149 ],
	[ -0.069780,-0.040605,-0.116227 ],
	[ -0.069780,-0.032874,-0.140673 ],
	[ -0.067247,-0.002103,-0.075452 ],
	[ -0.067247,0.013766,-0.077915 ],
	[ -0.067247,-0.018909,-0.082195 ],
	[ -0.067247,0.026427,-0.090861 ],
	[ -0.067247,-0.027257,-0.095914 ],
	[ -0.067247,0.029685,-0.101772 ],
	[ -0.067247,-0.028423,-0.107241 ],
	[ -0.067247,-0.025165,-0.118151 ],
	[ -0.067247,0.027222,-0.117643 ],
	[ -0.067247,-0.012504,-0.131098 ],
	[ -0.067247,0.010144,-0.132598 ],
	[ -0.067817,0.001731,-0.072862 ],
	[ -0.067415,-0.030979,-0.099150 ],
	[ -0.067267,0.028572,-0.097631 ],
	[ -0.067279,-0.015269,-0.131967 ],
	[ -0.067414,0.020767,-0.126960 ],
	[ -0.055843,0.004884,-0.059467 ],
	[ -0.055843,0.024729,-0.065002 ],
	[ -0.055843,-0.019440,-0.065004 ],
	[ -0.055546,0.033840,-0.067439 ],
	[ -0.055546,0.041571,-0.091885 ],
	[ -0.055546,0.041354,-0.117965 ],
	[ -0.055546,0.033543,-0.141564 ],
	[ -0.043094,0.017676,-0.052692 ],
	[ -0.043094,-0.040984,-0.069109 ],
	[ -0.043264,-0.026671,-0.054429 ],
	[ -0.043108,0.036202,-0.067153 ],
	[ -0.043099,0.051207,-0.101375 ],
	[ -0.043094,0.055294,-0.100608 ],
	[ -0.043107,-0.052387,-0.113363 ],
	[ -0.043095,0.043248,-0.132433 ],
	[ -0.043094,-0.048266,-0.129588 ],
	[ -0.043094,0.015590,-0.159716 ],
	[ -0.043264,-0.009003,-0.160605 ],
	[ -0.034736,0.014277,-0.175365 ],
	[ -0.035385,-0.029083,-0.058726 ],
	[ -0.035374,0.020660,-0.056841 ],
	[ -0.035164,-0.032864,-0.061419 ],
	[ -0.035321,0.051275,-0.086708 ],
	[ -0.035385,0.041253,-0.064924 ],
	[ -0.035385,-0.053304,-0.114619 ],
	[ -0.035374,-0.050203,-0.112140 ],
	[ -0.035383,0.047004,-0.129348 ],
	[ -0.035385,0.040507,-0.145415 ],
	[ -0.035356,-0.032564,-0.145178 ],
	[ -0.035321,0.014104,-0.156658 ],
	[ -0.035385,-0.021306,-0.153354 ],
	[ -0.034888,-0.002389,0.055307 ],
	[ -0.035225,-0.010926,0.302897 ],
	[ -0.034117,0.009204,0.198816 ],
	[ -0.034117,0.009204,0.055307 ],
	[ -0.033617,0.004279,0.245968 ],
	[ -0.033615,0.017576,-0.175365 ],
	[ -0.034473,-0.009258,0.198816 ],
	[ -0.035309,-0.013733,0.245968 ],
	[ -0.026091,-0.031909,-0.168842 ],
	[ -0.028335,-0.028467,-0.175366 ],
	[ -0.027664,0.030817,-0.168842 ],
	[ -0.030952,0.020383,0.198816 ],
	[ -0.028255,0.026714,0.055307 ],
	[ -0.022581,-0.035710,0.245861 ],
	[ -0.028488,0.020660,-0.168831 ],
	[ -0.032984,-0.017137,0.055291 ],
	[ -0.030085,-0.025429,-0.175366 ],
	[ -0.032689,0.018440,0.302897 ],
	[ -0.031963,0.020403,0.245968 ],
	[ -0.029221,-0.024794,0.198816 ],
	[ -0.032121,-0.018554,0.055307 ],
	[ -0.028985,0.002455,-0.304642 ],
	[ -0.026069,0.017497,0.341295 ],
	[ -0.026069,0.017497,0.302899 ],
	[ -0.028899,-0.001203,-0.228736 ],
	[ -0.022923,0.034677,0.198816 ],
	[ -0.025013,-0.020274,0.341295 ],
	[ -0.025013,-0.020274,0.302899 ],
	[ -0.023565,0.034496,0.302897 ],
	[ -0.014778,0.044336,0.245969 ],
	[ -0.023080,0.021536,-0.266689 ],
	[ -0.023080,-0.018789,-0.266689 ],
	[ -0.018659,-0.039938,0.198816 ],
	[ -0.023031,-0.034627,0.055307 ],
	[ -0.022932,0.036805,-0.175365 ],
	[ -0.024059,-0.025991,-0.168839 ],
	[ -0.020860,0.002662,-0.210092 ],
	[ -0.020050,-0.003467,-0.210057 ],
	[ -0.020050,-0.003467,-0.318281 ],
	[ -0.018781,0.040363,-0.175365 ],
	[ -0.013947,-0.045776,0.302897 ],
	[ -0.018429,0.012286,-0.210056 ],
	[ -0.018429,0.012287,-0.318281 ],
	[ -0.018094,0.039586,0.055307 ],
	[ -0.008867,-0.049183,-0.175384 ],
	[ -0.019841,-0.002940,-0.452574 ],
	[ -0.007865,0.045211,-0.168831 ],
	[ -0.015519,-0.018641,-0.210057 ],
	[ -0.015519,-0.018641,-0.318281 ],
	[ -0.016073,0.043615,0.055237 ],
	[ -0.011289,-0.046079,0.055307 ],
	[ -0.013385,-0.006029,-0.387070 ],
	[ -0.013341,-0.004911,-0.318281 ],
	[ -0.012555,-0.010288,-0.387070 ],
	[ -0.006375,-0.026134,0.495803 ],
	[ -0.007719,0.022465,-0.387070 ],
	[ -0.005053,-0.027430,-0.471646 ],
	[ -0.009962,-0.011962,0.029517 ],
	[ -0.010903,0.026220,-0.210056 ],
	[ -0.010903,0.026220,-0.318281 ],
	[ -0.010770,0.026489,-0.210056 ],
	[ -0.012599,0.010565,-0.042016 ],
	[ -0.011323,-0.046778,0.245968 ],
	[ -0.003740,0.022403,0.028089 ],
	[ -0.008963,0.046772,0.198816 ],
	[ -0.008963,0.046773,0.055307 ],
	[ -0.008700,-0.017158,-0.318281 ],
	[ -0.001001,-0.028391,-0.387144 ],
	[ -0.000204,-0.022654,0.029291 ],
	[ -0.007203,0.001937,0.478961 ],
	[ -0.007203,-0.000945,0.478961 ],
	[ -0.007203,0.001937,0.447633 ],
	[ -0.007203,-0.000945,0.447633 ],
	[ -0.006640,0.009777,0.488155 ],
	[ -0.001561,-0.018084,0.488155 ],
	[ -0.004568,-0.033844,-0.210187 ],
	[ -0.005702,0.050480,-0.175365 ],
	[ -0.005538,0.014353,-0.490198 ],
	[ -0.013044,-0.008048,-0.480799 ],
	[ -0.005526,-0.030926,-0.210057 ],
	[ -0.005277,-0.049422,0.198815 ],
	[ -0.000111,-0.019495,0.417912 ],
	[ -0.004770,-0.044616,-0.168831 ],
	[ -0.008298,-0.013473,0.488053 ],
	[ -0.008519,0.030870,0.495787 ],
	[ -0.003066,-0.046216,-0.199086 ],
	[ -0.003066,-0.046216,-0.296933 ],
	[ -0.002769,0.042735,-0.199086 ],
	[ -0.002769,0.042736,-0.296932 ],
	[ -0.003320,0.013322,0.360150 ],
	[ -0.000619,0.052206,-0.168842 ],
	[ 0.011691,0.056479,-0.175365 ],
	[ -0.000107,0.044951,0.302899 ],
	[ -0.008825,0.008003,0.418023 ],
	[ -0.007303,0.017905,0.029517 ],
	[ -0.006230,0.019558,-0.041645 ],
	[ 0.001382,0.036212,-0.210056 ],
	[ 0.001382,0.036213,-0.318281 ],
	[ -0.008665,0.021398,-0.387144 ],
	[ 0.001463,0.051902,0.198816 ],
	[ 0.001463,0.051903,0.055307 ],
	[ 0.001585,0.036297,-0.210056 ],
	[ 0.004747,-0.007918,-0.090848 ],
	[ 0.004568,0.015619,-0.097627 ],
	[ 0.016291,0.000323,-0.110329 ],
	[ 0.002547,-0.001620,-0.131272 ],
	[ 0.002444,-0.046235,0.341295 ],
	[ 0.002444,-0.046235,0.302898 ],
	[ -0.001350,-0.009549,0.214608 ],
	[ -0.016578,0.043564,0.245861 ],
	[ 0.005058,0.010607,-0.131081 ],
	[ -0.000554,-0.024226,-0.041821 ],
	[ -0.003503,0.009089,0.437101 ],
	[ 0.013138,-0.030906,0.029517 ],
	[ 0.011236,-0.030396,-0.041645 ],
	[ 0.003745,0.026239,0.437078 ],
	[ -0.007438,0.049229,0.302897 ],
	[ 0.017932,0.056352,0.245969 ],
	[ -0.001768,-0.016366,-0.432854 ],
	[ 0.005511,-0.053738,0.198815 ],
	[ 0.005511,-0.053738,0.055307 ],
	[ 0.012087,-0.021834,0.354727 ],
	[ 0.003360,0.022165,-0.432853 ],
	[ -0.005583,-0.004628,0.202679 ],
	[ 0.004713,-0.023753,0.437078 ],
	[ 0.008407,-0.038452,-0.210057 ],
	[ 0.008407,-0.038451,-0.318281 ],
	[ 0.026377,0.031905,0.418056 ],
	[ 0.006229,-0.012566,0.389165 ],
	[ 0.021539,-0.022859,0.214608 ],
	[ 0.027707,0.028510,0.437228 ],
	[ 0.012244,0.029560,0.488304 ],
	[ 0.006897,-0.030962,-0.318281 ],
	[ 0.004633,-0.029943,-0.387070 ],
	[ 0.012808,-0.008646,-0.079594 ],
	[ 0.012727,0.054748,0.198816 ],
	[ 0.019564,0.055579,0.055307 ],
	[ 0.027220,0.013157,0.345056 ],
	[ 0.016327,0.032533,0.488155 ],
	[ 0.013391,0.008785,-0.088291 ],
	[ -0.000354,0.029394,-0.318281 ],
	[ 0.021235,-0.026366,-0.432766 ],
	[ 0.013796,-0.013903,-0.128891 ],
	[ 0.009593,-0.008177,0.389041 ],
	[ 0.031516,0.028702,0.215132 ],
	[ 0.015910,-0.156813,0.035449 ],
	[ 0.015910,-0.249323,0.035449 ],
	[ 0.015910,-0.156813,-0.048165 ],
	[ 0.015910,-0.249323,-0.048166 ],
	[ 0.016207,0.252364,0.035451 ],
	[ 0.016207,0.159854,0.035450 ],
	[ 0.016207,-0.035839,0.029519 ],
	[ 0.016207,-0.154441,0.029519 ],
	[ 0.016207,-0.035839,-0.041642 ],
	[ 0.016207,-0.154441,-0.041642 ],
	[ 0.016207,0.252364,-0.048164 ],
	[ 0.016207,0.159854,-0.048164 ],
	[ 0.026738,0.055994,0.302897 ],
	[ 0.016556,0.040743,-0.318281 ],
	[ 0.018475,0.048641,-0.296932 ],
	[ 0.020649,0.000926,-0.097509 ],
	[ 0.026871,-0.053359,0.245939 ],
	[ 0.035169,-0.025459,0.488155 ],
	[ 0.016960,-0.055717,0.198815 ],
	[ 0.016960,-0.055716,0.055307 ],
	[ 0.017096,0.157482,0.029224 ],
	[ 0.017096,0.038880,0.029223 ],
	[ 0.017096,0.157482,-0.041938 ],
	[ 0.017096,0.038880,-0.041938 ],
	[ 0.018628,-0.051619,-0.199086 ],
	[ 0.017689,0.413661,0.302009 ],
	[ 0.017689,0.062599,0.302008 ],
	[ 0.017689,-0.062600,0.302008 ],
	[ 0.017689,-0.413662,0.302006 ],
	[ 0.017689,0.413662,0.243005 ],
	[ 0.017689,0.062600,0.243004 ],
	[ 0.017689,-0.062600,0.243003 ],
	[ 0.017689,-0.413662,0.243002 ],
	[ 0.016724,-0.055943,0.055237 ],
	[ 0.011463,0.031899,0.029517 ],
	[ 0.010436,-0.055013,-0.168842 ],
	[ 0.006416,-0.054165,-0.175366 ],
	[ -0.001141,0.023682,0.416830 ],
	[ -0.031342,-0.005873,-0.168842 ],
	[ 0.019765,0.413661,0.302009 ],
	[ 0.019765,0.062599,0.302008 ],
	[ 0.019765,-0.062600,0.302008 ],
	[ 0.019765,-0.413662,0.302006 ],
	[ 0.019765,0.413662,0.243005 ],
	[ 0.019765,0.062600,0.243004 ],
	[ 0.019765,-0.062600,0.243003 ],
	[ 0.019765,-0.413662,0.243002 ],
	[ -0.012942,0.008180,-0.318281 ],
	[ 0.014221,0.033738,-0.387070 ],
	[ -0.000107,0.044951,0.341295 ],
	[ -0.035499,0.001261,-0.168842 ],
	[ -0.036127,-0.004277,-0.175366 ],
	[ 0.016754,0.040630,-0.210056 ],
	[ 0.013696,0.033782,-0.387070 ],
	[ -0.005733,0.005690,-0.432732 ],
	[ -0.007746,0.000540,0.437078 ],
	[ 0.010810,-0.006448,-0.131779 ],
	[ 0.016555,0.040743,-0.210056 ],
	[ -0.005526,-0.030926,-0.318281 ],
	[ 0.036478,-0.024038,0.417761 ],
	[ -0.010722,-0.009982,-0.041645 ],
	[ 0.029685,0.056274,-0.168842 ],
	[ 0.022175,0.017167,-0.128890 ],
	[ 0.012746,-0.025349,0.437227 ],
	[ 0.005465,0.019698,0.213661 ],
	[ 0.021840,-0.156813,0.035449 ],
	[ 0.021840,-0.249323,0.035449 ],
	[ 0.021840,-0.156813,-0.048165 ],
	[ 0.021840,-0.249323,-0.048166 ],
	[ 0.022137,0.252364,0.035451 ],
	[ 0.022137,0.159854,0.035450 ],
	[ 0.022137,-0.035839,0.029519 ],
	[ 0.022137,-0.154441,0.029519 ],
	[ 0.022137,-0.035839,-0.041642 ],
	[ 0.022137,-0.154441,-0.041642 ],
	[ 0.022137,0.252364,-0.048164 ],
	[ 0.022137,0.159854,-0.048164 ],
	[ 0.022433,0.157482,0.029224 ],
	[ 0.022433,0.038880,0.029223 ],
	[ 0.022433,0.157482,-0.041938 ],
	[ 0.022433,0.038880,-0.041938 ],
	[ 0.023410,0.054594,0.245969 ],
	[ 0.018850,-0.055816,0.302897 ],
	[ 0.016758,-0.055731,0.245968 ],
	[ 0.024160,-0.040073,-0.210057 ],
	[ 0.024160,-0.040073,-0.318281 ],
	[ 0.029113,0.054942,0.198816 ],
	[ 0.024674,-0.055854,-0.175366 ],
	[ 0.025210,0.003608,0.372657 ],
	[ 0.025308,-0.032474,-0.318281 ],
	[ 0.025308,-0.032474,-0.387070 ],
	[ 0.021479,0.028519,0.198528 ],
	[ 0.025415,0.026130,-0.432732 ],
	[ 0.037987,0.033293,-0.042716 ],
	[ 0.032259,-0.032074,-0.387091 ],
	[ 0.032325,-0.049765,-0.168813 ],
	[ 0.027313,0.033339,-0.318281 ],
	[ 0.028216,-0.007523,-0.079594 ],
	[ 0.028216,-0.007522,-0.131779 ],
	[ 0.028570,-0.055271,0.055307 ],
	[ 0.014817,0.048554,-0.199085 ],
	[ 0.048207,-0.019897,0.029517 ],
	[ 0.040716,-0.025541,-0.041645 ],
	[ 0.017049,0.024811,0.383596 ],
	[ 0.030798,0.007710,-0.131779 ],
	[ 0.038826,0.015516,0.213660 ],
	[ 0.025983,-0.031577,0.418233 ],
	[ 0.028800,0.009907,-0.079594 ],
	[ 0.015333,-0.051700,-0.296933 ],
	[ 0.032309,0.039124,-0.210056 ],
	[ 0.032309,0.039124,-0.318281 ],
	[ 0.034141,-0.034742,0.495803 ],
	[ 0.009621,-0.031425,-0.432648 ],
	[ 0.018399,-0.020120,-0.495803 ],
	[ -0.002864,0.032251,-0.433383 ],
	[ 0.030007,0.028961,0.437078 ],
	[ 0.047561,-0.049154,0.302897 ],
	[ 0.034549,-0.008526,-0.130948 ],
	[ 0.040186,-0.011464,0.215103 ],
	[ 0.035787,0.053213,0.055307 ],
	[ 0.029734,0.034018,-0.489325 ],
	[ 0.036428,0.005705,-0.088029 ],
	[ 0.029143,-0.010638,-0.103411 ],
	[ 0.031100,0.014263,-0.108732 ],
	[ 0.036160,-0.001587,-0.122264 ],
	[ 0.037259,-0.046216,-0.199086 ],
	[ 0.037259,-0.046216,-0.296933 ],
	[ 0.027844,0.057154,-0.175384 ],
	[ 0.037555,0.042735,-0.199086 ],
	[ 0.037555,0.042736,-0.296932 ],
	[ 0.043959,-0.005930,0.437083 ],
	[ 0.037666,0.046007,0.341295 ],
	[ 0.037666,0.046007,0.302899 ],
	[ 0.023531,0.034630,-0.041644 ],
	[ 0.042213,-0.035500,-0.210187 ],
	[ 0.034354,0.031878,-0.387090 ],
	[ 0.039334,-0.035542,-0.210057 ],
	[ 0.039334,-0.035542,-0.318281 ],
	[ 0.045742,0.049640,0.245969 ],
	[ 0.035359,-0.054140,0.198815 ],
	[ 0.046849,-0.007505,0.377634 ],
	[ 0.040217,-0.045179,0.341295 ],
	[ 0.040217,-0.045179,0.302898 ],
	[ 0.042894,-0.027728,-0.042019 ],
	[ 0.052602,-0.045521,-0.168842 ],
	[ 0.049160,-0.047765,-0.175366 ],
	[ 0.040410,-0.025143,0.028897 ],
	[ 0.038114,0.020046,-0.432765 ],
	[ 0.039076,-0.018660,0.205644 ],
	[ 0.028724,0.052914,-0.168813 ],
	[ 0.036703,-0.023079,0.437078 ],
	[ 0.044725,0.018842,0.417924 ],
	[ 0.052566,-0.003210,0.488087 ],
	[ 0.054740,-0.045341,-0.175384 ],
	[ 0.047124,-0.008629,-0.433059 ],
	[ 0.037872,0.037250,-0.210092 ],
	[ 0.046242,0.031596,-0.210056 ],
	[ 0.046242,0.031597,-0.318281 ],
	[ 0.046574,0.048902,0.198816 ],
	[ 0.052588,0.045560,0.055307 ],
	[ 0.049602,0.010544,-0.487948 ],
	[ 0.047558,0.011043,0.488155 ],
	[ 0.048349,0.008040,0.437078 ],
	[ 0.049359,-0.018241,-0.318281 ],
	[ 0.048203,0.017794,-0.041645 ],
	[ 0.047462,0.007425,0.418012 ],
	[ 0.047655,0.002658,0.479983 ],
	[ 0.047655,-0.000225,0.479983 ],
	[ 0.047655,0.002658,0.448655 ],
	[ 0.047655,-0.000225,0.448655 ],
	[ 0.054662,-0.008129,-0.387144 ],
	[ 0.041597,0.028116,-0.387070 ],
	[ 0.048526,0.019016,-0.387070 ],
	[ 0.053874,0.044497,0.302897 ],
	[ 0.050260,-0.047294,0.198815 ],
	[ 0.044357,-0.050830,0.055307 ],
	[ 0.056246,0.006502,-0.433793 ],
	[ 0.041060,0.027901,0.029517 ],
	[ 0.047043,0.020342,0.029306 ],
	[ 0.051619,-0.025549,-0.210057 ],
	[ 0.051619,-0.025549,-0.318281 ],
	[ 0.052124,0.005910,0.029517 ],
	[ 0.057167,0.017410,0.495741 ],
	[ 0.047249,-0.021200,-0.387070 ],
	[ 0.052855,-0.001623,-0.041645 ],
	[ 0.069730,0.019493,-0.168466 ],
	[ 0.048527,0.020751,-0.318281 ],
	[ 0.052871,0.006176,-0.387070 ],
	[ 0.041580,-0.031460,-0.476777 ],
	[ 0.044907,-0.050547,0.245968 ],
	[ 0.055635,-0.039400,0.245968 ],
	[ 0.056023,0.018812,-0.210056 ],
	[ 0.059949,0.039424,0.198816 ],
	[ 0.056235,0.019312,-0.210056 ],
	[ 0.056235,0.019312,-0.318281 ],
	[ 0.056532,0.043328,-0.175365 ],
	[ 0.067757,0.030045,0.245968 ],
	[ 0.059145,-0.011616,-0.210057 ],
	[ 0.059145,-0.011615,-0.318281 ],
	[ 0.059200,0.044514,-0.004875 ],
	[ 0.059200,-0.044438,-0.004875 ],
	[ 0.059200,0.044514,-0.008433 ],
	[ 0.059200,-0.044438,-0.008433 ],
	[ 0.059392,-0.040110,0.198816 ],
	[ 0.059392,-0.040109,0.055307 ],
	[ 0.063657,0.039041,-0.175365 ],
	[ 0.060983,-0.001992,-0.210092 ],
	[ 0.060766,0.004138,-0.210057 ],
	[ 0.060766,0.004138,-0.318281 ],
	[ 0.046495,0.051280,0.055237 ],
	[ 0.062625,-0.027851,-0.168831 ],
	[ 0.074131,-0.018147,0.302897 ],
	[ 0.063944,0.020498,-0.267282 ],
	[ 0.063944,-0.019827,-0.267282 ],
	[ 0.064328,0.034104,0.055307 ],
	[ 0.065123,0.020047,0.341295 ],
	[ 0.065123,0.020047,0.302899 ],
	[ 0.066180,-0.017724,0.341295 ],
	[ 0.066180,-0.017724,0.302899 ],
	[ 0.066830,-0.031183,0.055307 ],
	[ 0.069849,-0.000746,-0.305235 ],
	[ 0.069763,0.002911,-0.229329 ],
	[ 0.072815,-0.013550,0.245939 ],
	[ 0.071595,-0.024921,0.055237 ],
	[ 0.072939,-0.021368,0.245968 ],
	[ 0.075531,0.014894,-0.175384 ],
	[ 0.070519,0.024272,0.198816 ],
	[ 0.062690,0.037560,0.245861 ],
	[ 0.078603,0.015193,-0.168842 ],
	[ 0.071850,0.022246,0.302897 ],
	[ 0.072102,0.018659,0.055311 ],
	[ 0.070529,-0.025386,0.198816 ],
	[ 0.073738,-0.016906,-0.175365 ],
	[ 0.074316,-0.013369,-0.054738 ],
	[ 0.074198,0.038802,-0.066259 ],
	[ 0.074292,-0.046091,-0.082217 ],
	[ 0.074319,-0.049537,-0.114269 ],
	[ 0.074293,0.052067,-0.117956 ],
	[ 0.074258,-0.031720,-0.147230 ],
	[ 0.074258,0.021059,-0.154667 ],
	[ 0.074324,-0.034017,-0.060451 ],
	[ 0.074324,0.036513,-0.063852 ],
	[ 0.074324,0.052927,-0.122513 ],
	[ 0.074324,-0.048076,-0.130255 ],
	[ 0.074324,0.005011,-0.160126 ],
	[ 0.073419,0.018033,0.055307 ],
	[ 0.074853,0.009392,0.245968 ],
	[ 0.075415,-0.009727,0.198816 ],
	[ 0.074094,-0.016475,0.055307 ],
	[ 0.074859,-0.013014,-0.175366 ],
	[ 0.075770,0.008735,0.198816 ],
	[ 0.076186,0.001867,0.055307 ],
	[ 0.082099,0.023044,-0.055708 ],
	[ 0.082099,-0.036166,-0.065715 ],
	[ 0.082031,0.049703,-0.087994 ],
	[ 0.082099,0.050237,-0.127141 ],
	[ 0.082050,-0.050965,-0.113327 ],
	[ 0.082031,-0.037618,-0.139414 ],
	[ 0.082031,0.017954,-0.153793 ],
	[ 0.082050,-0.011256,-0.156141 ],
	[ 0.082033,-0.010436,-0.047129 ],
	[ 0.082033,0.054757,-0.095641 ],
	[ 0.082033,-0.053115,-0.115287 ],
	[ 0.082033,-0.010745,-0.159052 ],
	[ 0.082033,0.037286,-0.144314 ],
	[ 0.112274,0.001976,-0.070203 ],
	[ 0.112422,0.019266,-0.074067 ],
	[ 0.112283,-0.014922,-0.073765 ],
	[ 0.112274,-0.011342,-0.072436 ],
	[ 0.112274,0.015135,-0.073238 ],
	[ 0.112274,-0.022793,-0.079594 ],
	[ 0.112274,0.026131,-0.081077 ],
	[ 0.112274,-0.030632,-0.090590 ],
	[ 0.112274,0.033290,-0.092527 ],
	[ 0.112677,-0.036256,-0.106684 ],
	[ 0.112274,-0.033666,-0.103749 ],
	[ 0.112274,0.035522,-0.105845 ],
	[ 0.112423,0.036541,-0.110119 ],
	[ 0.112274,-0.031434,-0.117067 ],
	[ 0.112274,0.032487,-0.119004 ],
	[ 0.112274,-0.024275,-0.128518 ],
	[ 0.112274,0.024648,-0.130000 ],
	[ 0.112422,0.009847,-0.139874 ],
	[ 0.112274,-0.014098,-0.136162 ],
	[ 0.112274,-0.013279,-0.136357 ],
	[ 0.112274,0.013198,-0.137159 ],
	[ 0.112274,-0.000120,-0.139391 ],
	[ 0.128582,0.008594,-0.139918 ],
	[ 0.128582,0.019354,-0.146768 ],
	[ 0.144958,0.002658,0.479983 ],
	[ 0.144958,-0.000225,0.479983 ],
	[ 0.144958,0.002658,0.448655 ],
	[ 0.144958,-0.000225,0.448655 ],
	[ 0.194999,0.019592,-0.140325 ],
	[ 0.194999,0.008356,-0.146360 ],
	[ 0.204947,0.201365,-0.073219 ],
	[ 0.204947,0.044811,-0.073219 ],
	[ 0.204947,0.201365,-0.127776 ],
	[ 0.204947,0.044811,-0.127776 ],
	[ 0.205081,-0.202248,-0.063287 ],
	[ 0.205081,0.270154,-0.064768 ],
	[ 0.205081,-0.043325,-0.072923 ],
	[ 0.205081,-0.199879,-0.072924 ],
	[ 0.205081,-0.043324,-0.127628 ],
	[ 0.205081,-0.199879,-0.127629 ],
	[ 0.205081,-0.235457,-0.099535 ],
	[ 0.205081,-0.268665,-0.135783 ],
	[ 0.205081,0.236946,-0.100942 ],
	[ 0.205081,0.203737,-0.137116 ],
	[ 0.206430,0.201365,-0.073219 ],
	[ 0.206430,0.044811,-0.073219 ],
	[ 0.206430,0.201365,-0.127776 ],
	[ 0.206430,0.044811,-0.127776 ],
	[ 0.206563,-0.268666,-0.063287 ],
	[ 0.206563,0.203737,-0.064768 ],
	[ 0.206563,-0.043325,-0.072923 ],
	[ 0.206563,-0.199879,-0.072924 ],
	[ 0.206563,-0.043324,-0.127628 ],
	[ 0.206563,-0.199879,-0.127629 ],
	[ 0.206563,-0.202248,-0.135783 ],
	[ 0.206563,-0.235457,-0.099535 ],
	[ 0.206563,0.270155,-0.137115 ],
	[ 0.206563,0.236946,-0.100942 ],
	[ 0.283358,0.044514,-0.004875 ],
	[ 0.283358,-0.044438,-0.004875 ],
	[ 0.283358,0.044514,-0.008433 ],
	[ 0.283358,-0.044438,-0.008433 ],
	[ 0.290474,-0.011342,-0.072436 ],
	[ 0.290474,0.015135,-0.073238 ],
	[ 0.290869,0.021469,-0.063996 ],
	[ 0.290474,-0.022793,-0.079594 ],
	[ 0.290474,0.026131,-0.081077 ],
	[ 0.290511,0.031307,-0.132430 ],
	[ 0.290474,-0.030632,-0.090590 ],
	[ 0.290474,0.033290,-0.092527 ],
	[ 0.290474,-0.033666,-0.103749 ],
	[ 0.290474,0.001976,-0.070203 ],
	[ 0.290474,0.035522,-0.105845 ],
	[ 0.290474,-0.031434,-0.117067 ],
	[ 0.290474,0.032487,-0.119004 ],
	[ 0.290474,-0.024275,-0.128518 ],
	[ 0.290474,0.024648,-0.130000 ],
	[ 0.290474,-0.013279,-0.136357 ],
	[ 0.290474,0.013198,-0.137159 ],
	[ 0.290474,-0.000120,-0.139391 ],
	[ 0.291399,-0.040164,-0.084988 ],
	[ 0.301876,-0.001757,-0.127837 ],
];

let F = [ 
	[ 230,150,410 ],
	[ 150,146,410 ],
	[ 146,215,410 ],
	[ 215,400,410 ],
	[ 400,484,410 ],
	[ 484,486,410 ],
	[ 484,483,485 ],
	[ 486,484,485 ],
	[ 486,485,409 ],
	[ 410,486,409 ],
	[ 410,409,229 ],
	[ 230,410,229 ],
	[ 230,229,149 ],
	[ 150,230,149 ],
	[ 150,149,145 ],
	[ 146,150,145 ],
	[ 146,145,317 ],
	[ 215,146,317 ],
	[ 215,317,399 ],
	[ 400,215,399 ],
	[ 400,399,483 ],
	[ 484,400,483 ],
	[ 483,399,317 ],
	[ 145,149,317 ],
	[ 149,229,317 ],
	[ 229,409,317 ],
	[ 409,485,317 ],
	[ 485,483,317 ],
	[ 359,416,246 ],
	[ 416,359,267 ],
	[ 359,246,267 ],
	[ 246,416,267 ],
	[ 495,490,373 ],
	[ 373,490,386 ],
	[ 490,458,386 ],
	[ 458,284,252 ],
	[ 386,458,252 ],
	[ 284,136,252 ],
	[ 252,136,231 ],
	[ 136,127,231 ],
	[ 127,232,332 ],
	[ 231,127,332 ],
	[ 232,349,332 ],
	[ 349,495,373 ],
	[ 332,349,373 ],
	[ 232,127,349 ],
	[ 127,136,349 ],
	[ 136,284,349 ],
	[ 284,458,349 ],
	[ 458,490,349 ],
	[ 490,495,349 ],
	[ 252,231,386 ],
	[ 231,332,386 ],
	[ 332,373,386 ],
	[ 392,506,390 ],
	[ 506,504,390 ],
	[ 504,503,390 ],
	[ 503,501,390 ],
	[ 390,501,389 ],
	[ 501,502,389 ],
	[ 389,502,391 ],
	[ 502,505,391 ],
	[ 505,507,391 ],
	[ 391,507,392 ],
	[ 507,506,392 ],
	[ 506,507,501 ],
	[ 507,505,501 ],
	[ 505,502,501 ],
	[ 503,504,501 ],
	[ 504,506,501 ],
	[ 392,390,389 ],
	[ 391,392,389 ],
	[ 228,158,265 ],
	[ 158,205,265 ],
	[ 205,363,265 ],
	[ 265,363,385 ],
	[ 363,478,385 ],
	[ 478,453,385 ],
	[ 453,417,330 ],
	[ 417,169,330 ],
	[ 330,169,233 ],
	[ 169,137,233 ],
	[ 137,306,228 ],
	[ 233,137,228 ],
	[ 306,158,228 ],
	[ 137,169,306 ],
	[ 169,417,306 ],
	[ 417,453,306 ],
	[ 453,478,306 ],
	[ 478,363,306 ],
	[ 363,205,306 ],
	[ 205,158,306 ],
	[ 228,265,385 ],
	[ 453,330,385 ],
	[ 330,233,385 ],
	[ 233,228,385 ],
	[ 113,117,225 ],
	[ 225,117,227 ],
	[ 117,120,227 ],
	[ 120,121,227 ],
	[ 121,118,227 ],
	[ 118,114,226 ],
	[ 227,118,226 ],
	[ 114,112,226 ],
	[ 226,112,225 ],
	[ 112,113,225 ],
	[ 113,112,118 ],
	[ 112,114,118 ],
	[ 121,120,118 ],
	[ 120,117,118 ],
	[ 117,113,118 ],
	[ 227,226,225 ],
	[ 382,444,388 ],
	[ 388,444,428 ],
	[ 382,388,200 ],
	[ 382,200,168 ],
	[ 381,201,200 ],
	[ 200,201,168 ],
	[ 382,168,380 ],
	[ 428,444,456 ],
	[ 388,428,381 ],
	[ 381,428,456 ],
	[ 201,381,179 ],
	[ 168,201,179 ],
	[ 168,179,380 ],
	[ 444,380,456 ],
	[ 381,456,179 ],
	[ 179,456,380 ],
	[ 380,444,382 ],
	[ 200,388,381 ],
	[ 111,116,115 ],
	[ 116,122,115 ],
	[ 122,119,115 ],
	[ 111,115,99 ],
	[ 111,99,100 ],
	[ 116,111,100 ],
	[ 116,100,107 ],
	[ 122,116,107 ],
	[ 122,107,108 ],
	[ 119,122,108 ],
	[ 119,108,104 ],
	[ 115,119,104 ],
	[ 115,104,99 ],
	[ 99,104,108 ],
	[ 107,100,108 ],
	[ 100,99,108 ],
	[ 109,105,90 ],
	[ 90,105,88 ],
	[ 105,101,88 ],
	[ 88,101,87 ],
	[ 101,102,87 ],
	[ 87,102,89 ],
	[ 102,103,89 ],
	[ 103,106,91 ],
	[ 89,103,91 ],
	[ 106,109,91 ],
	[ 91,109,90 ],
	[ 103,102,106 ],
	[ 102,101,106 ],
	[ 101,105,106 ],
	[ 105,109,106 ],
	[ 88,87,90 ],
	[ 87,89,90 ],
	[ 89,91,90 ],
	[ 79,77,86 ],
	[ 77,76,86 ],
	[ 76,78,86 ],
	[ 78,80,86 ],
	[ 80,82,86 ],
	[ 82,83,86 ],
	[ 83,85,86 ],
	[ 84,81,86 ],
	[ 81,79,86 ],
	[ 81,47,45 ],
	[ 79,81,45 ],
	[ 79,45,43 ],
	[ 77,79,43 ],
	[ 77,43,41 ],
	[ 76,77,41 ],
	[ 76,41,42 ],
	[ 78,76,42 ],
	[ 78,42,44 ],
	[ 80,78,44 ],
	[ 80,44,46 ],
	[ 82,80,46 ],
	[ 82,46,48 ],
	[ 83,82,48 ],
	[ 83,48,51 ],
	[ 85,83,51 ],
	[ 85,51,50 ],
	[ 86,85,50 ],
	[ 86,50,49 ],
	[ 84,86,49 ],
	[ 84,49,47 ],
	[ 81,84,47 ],
	[ 50,51,49 ],
	[ 51,48,49 ],
	[ 48,46,49 ],
	[ 46,44,49 ],
	[ 44,42,49 ],
	[ 42,41,49 ],
	[ 41,43,49 ],
	[ 43,45,49 ],
	[ 45,47,49 ],
	[ 38,40,39 ],
	[ 40,38,8 ],
	[ 40,8,9 ],
	[ 39,40,9 ],
	[ 39,9,4 ],
	[ 39,4,3 ],
	[ 38,39,3 ],
	[ 38,3,8 ],
	[ 8,3,9 ],
	[ 3,4,9 ],
	[ 6,5,9 ],
	[ 5,7,9 ],
	[ 9,7,2 ],
	[ 9,2,1 ],
	[ 6,9,1 ],
	[ 6,1,0 ],
	[ 5,6,0 ],
	[ 5,0,2 ],
	[ 7,5,2 ],
	[ 0,1,2 ],
	[ 14,25,27 ],
	[ 18,14,27 ],
	[ 27,28,19 ],
	[ 18,27,19 ],
	[ 18,19,15 ],
	[ 14,18,15 ],
	[ 14,15,26 ],
	[ 25,14,26 ],
	[ 25,26,28 ],
	[ 27,25,28 ],
	[ 26,15,19 ],
	[ 28,26,19 ],
	[ 11,30,29 ],
	[ 22,11,29 ],
	[ 29,30,23 ],
	[ 22,29,23 ],
	[ 11,22,24 ],
	[ 30,11,24 ],
	[ 24,22,23 ],
	[ 30,24,23 ],
	[ 162,214,517 ],
	[ 214,473,517 ],
	[ 413,304,517 ],
	[ 304,132,517 ],
	[ 132,110,517 ],
	[ 110,162,517 ],
	[ 162,110,133 ],
	[ 162,133,213 ],
	[ 214,162,213 ],
	[ 214,213,329 ],
	[ 473,214,329 ],
	[ 473,329,496 ],
	[ 517,473,496 ],
	[ 517,496,412 ],
	[ 413,517,412 ],
	[ 413,412,303 ],
	[ 304,413,303 ],
	[ 304,303,131 ],
	[ 132,304,131 ],
	[ 132,131,318 ],
	[ 110,132,318 ],
	[ 110,318,133 ],
	[ 131,303,318 ],
	[ 303,412,318 ],
	[ 412,496,318 ],
	[ 496,329,318 ],
	[ 329,213,318 ],
	[ 213,133,318 ],
	[ 421,355,402 ],
	[ 355,167,198 ],
	[ 402,355,198 ],
	[ 167,139,198 ],
	[ 139,319,159 ],
	[ 198,139,159 ],
	[ 319,128,159 ],
	[ 128,157,183 ],
	[ 159,128,183 ],
	[ 157,199,224 ],
	[ 183,157,224 ],
	[ 199,395,320 ],
	[ 224,199,320 ],
	[ 320,395,423 ],
	[ 395,463,423 ],
	[ 463,493,459 ],
	[ 423,463,459 ],
	[ 459,493,474 ],
	[ 493,500,474 ],
	[ 500,421,402 ],
	[ 474,500,402 ],
	[ 421,500,319 ],
	[ 500,493,319 ],
	[ 493,463,319 ],
	[ 463,395,319 ],
	[ 395,199,319 ],
	[ 199,157,319 ],
	[ 157,128,319 ],
	[ 139,167,319 ],
	[ 167,355,319 ],
	[ 355,421,319 ],
	[ 402,198,320 ],
	[ 198,159,320 ],
	[ 159,183,320 ],
	[ 183,224,320 ],
	[ 423,459,320 ],
	[ 459,474,320 ],
	[ 474,402,320 ],
	[ 405,353,326 ],
	[ 353,249,326 ],
	[ 171,161,326 ],
	[ 161,165,326 ],
	[ 165,182,326 ],
	[ 182,220,326 ],
	[ 220,281,326 ],
	[ 281,378,326 ],
	[ 378,425,326 ],
	[ 425,462,326 ],
	[ 462,476,326 ],
	[ 476,466,326 ],
	[ 466,448,326 ],
	[ 448,405,326 ],
	[ 448,447,404 ],
	[ 405,448,404 ],
	[ 405,404,352 ],
	[ 353,405,352 ],
	[ 353,352,248 ],
	[ 249,353,248 ],
	[ 249,248,202 ],
	[ 326,249,202 ],
	[ 326,202,170 ],
	[ 171,326,170 ],
	[ 171,170,160 ],
	[ 161,171,160 ],
	[ 161,160,164 ],
	[ 165,161,164 ],
	[ 165,164,181 ],
	[ 182,165,181 ],
	[ 182,181,219 ],
	[ 220,182,219 ],
	[ 220,219,325 ],
	[ 281,220,325 ],
	[ 281,325,377 ],
	[ 378,281,377 ],
	[ 378,377,424 ],
	[ 425,378,424 ],
	[ 425,424,461 ],
	[ 462,425,461 ],
	[ 462,461,475 ],
	[ 476,462,475 ],
	[ 476,475,465 ],
	[ 466,476,465 ],
	[ 466,465,447 ],
	[ 448,466,447 ],
	[ 447,465,325 ],
	[ 465,475,325 ],
	[ 475,461,325 ],
	[ 461,424,325 ],
	[ 424,377,325 ],
	[ 219,181,325 ],
	[ 181,164,325 ],
	[ 164,160,325 ],
	[ 160,170,325 ],
	[ 170,202,325 ],
	[ 202,248,325 ],
	[ 248,352,325 ],
	[ 352,404,325 ],
	[ 404,447,325 ],
	[ 358,256,316 ],
	[ 256,176,316 ],
	[ 176,178,316 ],
	[ 439,455,316 ],
	[ 455,451,316 ],
	[ 451,358,316 ],
	[ 451,431,357 ],
	[ 358,451,357 ],
	[ 358,357,255 ],
	[ 256,358,255 ],
	[ 256,255,189 ],
	[ 176,256,189 ],
	[ 176,189,175 ],
	[ 176,175,315 ],
	[ 178,176,315 ],
	[ 178,315,263 ],
	[ 316,178,263 ],
	[ 316,263,364 ],
	[ 439,316,364 ],
	[ 439,364,454 ],
	[ 455,439,454 ],
	[ 455,454,431 ],
	[ 451,455,431 ],
	[ 431,454,315 ],
	[ 454,364,315 ],
	[ 364,263,315 ],
	[ 175,189,315 ],
	[ 189,255,315 ],
	[ 255,357,315 ],
	[ 357,431,315 ],
	[ 422,362,264 ],
	[ 362,190,264 ],
	[ 264,190,241 ],
	[ 190,174,241 ],
	[ 174,221,322 ],
	[ 241,174,322 ],
	[ 322,221,245 ],
	[ 221,321,245 ],
	[ 321,403,360 ],
	[ 245,321,360 ],
	[ 360,403,415 ],
	[ 403,440,415 ],
	[ 440,438,422 ],
	[ 415,440,422 ],
	[ 438,362,422 ],
	[ 362,438,321 ],
	[ 438,440,321 ],
	[ 440,403,321 ],
	[ 221,174,321 ],
	[ 174,190,321 ],
	[ 190,362,321 ],
	[ 422,264,322 ],
	[ 264,241,322 ],
	[ 245,360,322 ],
	[ 360,415,322 ],
	[ 415,422,322 ],
	[ 209,394,376 ],
	[ 376,292,208 ],
	[ 209,376,208 ],
	[ 209,208,393 ],
	[ 394,209,393 ],
	[ 394,393,292 ],
	[ 376,394,292 ],
	[ 393,208,292 ],
	[ 397,211,282 ],
	[ 282,368,396 ],
	[ 397,282,396 ],
	[ 397,396,210 ],
	[ 211,397,210 ],
	[ 211,210,368 ],
	[ 282,211,368 ],
	[ 210,396,368 ],
	[ 92,94,93 ],
	[ 94,54,53 ],
	[ 93,94,53 ],
	[ 93,53,52 ],
	[ 92,93,52 ],
	[ 92,52,54 ],
	[ 94,92,54 ],
	[ 53,54,52 ],
	[ 75,72,73 ],
	[ 74,75,73 ],
	[ 74,62,64 ],
	[ 75,74,64 ],
	[ 75,64,58 ],
	[ 72,75,58 ],
	[ 72,58,60 ],
	[ 73,72,60 ],
	[ 73,60,62 ],
	[ 74,73,62 ],
	[ 62,60,64 ],
	[ 60,58,64 ],
	[ 95,98,96 ],
	[ 98,97,96 ],
	[ 96,61,59 ],
	[ 95,96,59 ],
	[ 95,59,65 ],
	[ 98,95,65 ],
	[ 98,65,63 ],
	[ 97,98,63 ],
	[ 97,63,61 ],
	[ 96,97,61 ],
	[ 65,59,63 ],
	[ 59,61,63 ],
	[ 57,70,71 ],
	[ 70,55,56 ],
	[ 71,70,56 ],
	[ 71,56,57 ],
	[ 70,57,55 ],
	[ 56,55,57 ],
	[ 481,480,488 ],
	[ 488,489,481 ],
	[ 488,480,489 ],
	[ 480,481,489 ],
	[ 153,154,144 ],
	[ 144,147,153 ],
	[ 144,154,147 ],
	[ 154,153,147 ],
	[ 531,532,530 ],
	[ 532,529,530 ],
	[ 529,528,530 ],
	[ 528,509,508 ],
	[ 530,528,508 ],
	[ 530,508,511 ],
	[ 531,530,511 ],
	[ 531,511,512 ],
	[ 532,531,512 ],
	[ 532,512,510 ],
	[ 529,532,510 ],
	[ 529,510,509 ],
	[ 528,529,509 ],
	[ 509,510,511 ],
	[ 510,512,511 ],
	[ 508,509,511 ],
	[ 522,520,534 ],
	[ 545,522,534 ],
	[ 520,521,535 ],
	[ 534,520,535 ],
	[ 535,521,542 ],
	[ 521,524,542 ],
	[ 524,525,542 ],
	[ 525,527,551 ],
	[ 542,525,551 ],
	[ 551,527,550 ],
	[ 527,526,550 ],
	[ 526,523,550 ],
	[ 550,523,545 ],
	[ 523,522,545 ],
	[ 522,523,526 ],
	[ 527,525,526 ],
	[ 525,524,526 ],
	[ 524,521,526 ],
	[ 521,520,526 ],
	[ 520,522,526 ],
	[ 545,534,535 ],
	[ 542,551,535 ],
	[ 551,550,535 ],
	[ 550,545,535 ],
	[ 599,596,604 ],
	[ 595,598,604 ],
	[ 598,601,604 ],
	[ 601,603,604 ],
	[ 603,606,604 ],
	[ 606,608,604 ],
	[ 608,610,604 ],
	[ 610,612,604 ],
	[ 612,611,604 ],
	[ 611,609,604 ],
	[ 609,607,604 ],
	[ 607,605,604 ],
	[ 605,602,604 ],
	[ 602,599,604 ],
	[ 602,541,539 ],
	[ 599,602,539 ],
	[ 599,539,537 ],
	[ 596,599,537 ],
	[ 596,537,533 ],
	[ 604,596,533 ],
	[ 604,533,536 ],
	[ 595,604,536 ],
	[ 595,536,538 ],
	[ 598,595,538 ],
	[ 598,538,540 ],
	[ 601,598,540 ],
	[ 601,540,543 ],
	[ 603,601,543 ],
	[ 603,543,546 ],
	[ 606,603,546 ],
	[ 606,546,548 ],
	[ 608,606,548 ],
	[ 608,548,552 ],
	[ 610,608,552 ],
	[ 610,552,554 ],
	[ 612,610,554 ],
	[ 612,554,553 ],
	[ 611,612,553 ],
	[ 611,553,549 ],
	[ 609,611,549 ],
	[ 609,549,547 ],
	[ 607,609,547 ],
	[ 607,547,544 ],
	[ 605,607,544 ],
	[ 605,544,541 ],
	[ 602,605,541 ],
	[ 541,544,546 ],
	[ 544,547,546 ],
	[ 547,549,546 ],
	[ 549,553,546 ],
	[ 553,554,546 ],
	[ 554,552,546 ],
	[ 552,548,546 ],
	[ 543,540,546 ],
	[ 540,538,546 ],
	[ 538,536,546 ],
	[ 536,533,546 ],
	[ 533,537,546 ],
	[ 537,539,546 ],
	[ 539,541,546 ],
	[ 614,597,613 ],
	[ 597,614,600 ],
	[ 614,613,600 ],
	[ 600,613,597 ],
	[ 561,556,555 ],
	[ 562,561,555 ],
	[ 562,555,556 ],
	[ 561,562,556 ],
	[ 563,577,579 ],
	[ 565,563,579 ],
	[ 579,580,566 ],
	[ 565,579,566 ],
	[ 565,566,564 ],
	[ 563,565,564 ],
	[ 563,564,578 ],
	[ 577,563,578 ],
	[ 577,578,580 ],
	[ 579,577,580 ],
	[ 578,564,566 ],
	[ 580,578,566 ],
	[ 568,590,589 ],
	[ 575,568,589 ],
	[ 589,590,576 ],
	[ 575,589,576 ],
	[ 568,575,582 ],
	[ 590,568,582 ],
	[ 582,575,576 ],
	[ 590,582,576 ],
	[ 467,591,593 ],
	[ 469,467,593 ],
	[ 593,594,470 ],
	[ 469,593,470 ],
	[ 469,470,468 ],
	[ 467,469,468 ],
	[ 467,468,592 ],
	[ 591,467,592 ],
	[ 591,592,594 ],
	[ 593,591,594 ],
	[ 592,468,470 ],
	[ 594,592,470 ],
	[ 288,345,347 ],
	[ 290,288,347 ],
	[ 347,348,291 ],
	[ 290,347,291 ],
	[ 290,291,289 ],
	[ 288,290,289 ],
	[ 288,289,346 ],
	[ 345,288,346 ],
	[ 345,346,348 ],
	[ 347,345,348 ],
	[ 346,289,291 ],
	[ 348,346,291 ],
	[ 274,339,341 ],
	[ 276,274,341 ],
	[ 341,342,277 ],
	[ 276,341,277 ],
	[ 276,277,275 ],
	[ 274,276,275 ],
	[ 274,275,340 ],
	[ 339,274,340 ],
	[ 339,340,342 ],
	[ 341,339,342 ],
	[ 340,275,277 ],
	[ 342,340,277 ],
	[ 272,337,343 ],
	[ 278,272,343 ],
	[ 343,344,279 ],
	[ 278,343,279 ],
	[ 278,279,273 ],
	[ 272,278,273 ],
	[ 272,273,338 ],
	[ 337,272,338 ],
	[ 337,338,344 ],
	[ 343,337,344 ],
	[ 338,273,279 ],
	[ 344,338,279 ],
	[ 268,333,335 ],
	[ 270,268,335 ],
	[ 335,336,271 ],
	[ 270,335,271 ],
	[ 270,271,269 ],
	[ 268,270,269 ],
	[ 268,269,334 ],
	[ 333,268,334 ],
	[ 333,334,336 ],
	[ 335,333,336 ],
	[ 334,269,271 ],
	[ 336,334,271 ],
	[ 293,307,311 ],
	[ 297,293,311 ],
	[ 311,312,298 ],
	[ 297,311,298 ],
	[ 297,298,294 ],
	[ 293,297,294 ],
	[ 293,294,308 ],
	[ 307,293,308 ],
	[ 307,308,312 ],
	[ 311,307,312 ],
	[ 308,294,298 ],
	[ 312,308,298 ],
	[ 295,309,313 ],
	[ 299,295,313 ],
	[ 313,314,300 ],
	[ 299,313,300 ],
	[ 299,300,296 ],
	[ 295,299,296 ],
	[ 295,296,310 ],
	[ 309,295,310 ],
	[ 309,310,314 ],
	[ 313,309,314 ],
	[ 310,296,300 ],
	[ 314,310,300 ],
	[ 197,285,429 ],
	[ 261,196,429 ],
	[ 196,197,429 ],
	[ 197,323,247 ],
	[ 285,197,247 ],
	[ 285,247,418 ],
	[ 285,418,430 ],
	[ 429,285,430 ],
	[ 429,430,383 ],
	[ 261,429,383 ],
	[ 261,383,238 ],
	[ 196,261,238 ],
	[ 196,238,323 ],
	[ 197,196,323 ],
	[ 238,383,323 ],
	[ 383,430,323 ],
	[ 430,418,323 ],
	[ 418,247,323 ],
	[ 194,68,66 ],
	[ 192,194,66 ],
	[ 66,67,193 ],
	[ 192,66,193 ],
	[ 192,193,195 ],
	[ 194,192,195 ],
	[ 194,195,69 ],
	[ 68,194,69 ],
	[ 68,69,67 ],
	[ 66,68,67 ],
	[ 69,195,193 ],
	[ 67,69,193 ],
	[ 559,436,434 ],
	[ 557,559,434 ],
	[ 434,435,558 ],
	[ 557,434,558 ],
	[ 557,558,560 ],
	[ 559,557,560 ],
	[ 559,560,437 ],
	[ 436,559,437 ],
	[ 436,437,435 ],
	[ 434,436,435 ],
	[ 437,560,558 ],
	[ 435,437,558 ],
	[ 177,379,207 ],
	[ 379,450,207 ],
	[ 177,207,206 ],
	[ 379,177,206 ],
	[ 379,206,420 ],
	[ 450,379,420 ],
	[ 450,420,254 ],
	[ 207,450,254 ],
	[ 207,254,206 ],
	[ 206,254,420 ],
	[ 419,327,356 ],
	[ 327,204,266 ],
	[ 356,327,266 ],
	[ 204,305,266 ],
	[ 305,419,356 ],
	[ 305,204,419 ],
	[ 204,327,419 ],
	[ 305,356,266 ],
	[ 433,374,216 ],
	[ 250,433,216 ],
	[ 433,250,253 ],
	[ 433,253,398 ],
	[ 374,433,398 ],
	[ 374,398,331 ],
	[ 216,374,331 ],
	[ 216,331,235 ],
	[ 216,235,253 ],
	[ 250,216,253 ],
	[ 253,235,398 ],
	[ 235,331,398 ],
	[ 371,260,212 ],
	[ 260,371,408 ],
	[ 371,212,251 ],
	[ 212,260,244 ],
	[ 212,244,251 ],
	[ 260,408,244 ],
	[ 408,251,244 ],
	[ 408,371,251 ],
	[ 569,583,585 ],
	[ 571,569,585 ],
	[ 585,586,572 ],
	[ 571,585,572 ],
	[ 571,572,570 ],
	[ 569,571,570 ],
	[ 569,570,584 ],
	[ 583,569,584 ],
	[ 583,584,586 ],
	[ 585,583,586 ],
	[ 584,570,572 ],
	[ 586,584,572 ],
	[ 567,588,587 ],
	[ 573,567,587 ],
	[ 587,588,574 ],
	[ 573,587,574 ],
	[ 567,573,581 ],
	[ 588,567,581 ],
	[ 581,573,574 ],
	[ 588,581,574 ],
	[ 12,32,34 ],
	[ 16,12,34 ],
	[ 34,35,17 ],
	[ 16,34,17 ],
	[ 16,17,13 ],
	[ 12,16,13 ],
	[ 12,13,33 ],
	[ 32,12,33 ],
	[ 32,33,35 ],
	[ 34,32,35 ],
	[ 33,13,17 ],
	[ 35,33,17 ],
	[ 10,37,36 ],
	[ 20,10,36 ],
	[ 36,37,21 ],
	[ 20,36,21 ],
	[ 10,20,31 ],
	[ 37,10,31 ],
	[ 31,20,21 ],
	[ 37,31,21 ],
	[ 492,457,514 ],
	[ 457,351,514 ],
	[ 351,185,514 ],
	[ 185,130,514 ],
	[ 130,141,514 ],
	[ 141,152,514 ],
	[ 152,240,514 ],
	[ 240,406,514 ],
	[ 406,464,514 ],
	[ 514,464,497 ],
	[ 514,497,479 ],
	[ 492,514,479 ],
	[ 492,479,384 ],
	[ 457,492,384 ],
	[ 457,384,350 ],
	[ 351,457,350 ],
	[ 351,350,163 ],
	[ 185,351,163 ],
	[ 130,185,163 ],
	[ 130,163,124 ],
	[ 130,124,140 ],
	[ 141,130,140 ],
	[ 141,140,151 ],
	[ 152,141,151 ],
	[ 152,151,239 ],
	[ 240,152,239 ],
	[ 240,239,280 ],
	[ 406,240,280 ],
	[ 406,280,441 ],
	[ 464,406,441 ],
	[ 464,441,497 ],
	[ 497,441,124 ],
	[ 441,280,124 ],
	[ 280,239,124 ],
	[ 239,151,124 ],
	[ 151,140,124 ],
	[ 163,350,124 ],
	[ 350,384,124 ],
	[ 384,479,124 ],
	[ 479,497,124 ],
	[ 361,411,283 ],
	[ 411,234,283 ],
	[ 234,184,283 ],
	[ 184,361,283 ],
	[ 361,184,411 ],
	[ 184,234,411 ],
	[ 432,452,328 ],
	[ 452,370,328 ],
	[ 370,237,328 ],
	[ 218,401,328 ],
	[ 401,432,328 ],
	[ 432,445,449 ],
	[ 452,432,449 ],
	[ 452,449,369 ],
	[ 370,452,369 ],
	[ 370,369,236 ],
	[ 237,370,236 ],
	[ 237,236,180 ],
	[ 328,237,180 ],
	[ 328,180,217 ],
	[ 218,328,217 ],
	[ 218,217,302 ],
	[ 401,218,302 ],
	[ 401,302,445 ],
	[ 432,401,445 ],
	[ 445,302,449 ],
	[ 302,217,449 ],
	[ 217,180,449 ],
	[ 180,236,449 ],
	[ 236,369,449 ],
	[ 186,477,446 ],
	[ 477,498,446 ],
	[ 498,491,446 ],
	[ 446,491,414 ],
	[ 491,301,414 ],
	[ 414,301,191 ],
	[ 301,138,191 ],
	[ 191,138,186 ],
	[ 138,172,186 ],
	[ 172,477,186 ],
	[ 477,172,138 ],
	[ 301,491,138 ],
	[ 491,498,138 ],
	[ 498,477,138 ],
	[ 414,191,446 ],
	[ 191,186,446 ],
	[ 482,513,519 ],
	[ 516,487,519 ],
	[ 487,472,519 ],
	[ 472,443,519 ],
	[ 443,367,519 ],
	[ 367,287,519 ],
	[ 287,243,519 ],
	[ 243,173,519 ],
	[ 173,156,519 ],
	[ 156,143,519 ],
	[ 143,123,519 ],
	[ 123,126,519 ],
	[ 126,135,519 ],
	[ 135,166,519 ],
	[ 166,188,519 ],
	[ 188,223,519 ],
	[ 223,259,519 ],
	[ 259,387,519 ],
	[ 387,427,519 ],
	[ 427,482,519 ],
	[ 482,427,460 ],
	[ 482,460,494 ],
	[ 513,482,494 ],
	[ 513,494,518 ],
	[ 519,513,518 ],
	[ 519,518,515 ],
	[ 516,519,515 ],
	[ 516,515,499 ],
	[ 487,516,499 ],
	[ 487,499,471 ],
	[ 472,487,471 ],
	[ 472,471,442 ],
	[ 443,472,442 ],
	[ 443,442,407 ],
	[ 367,443,407 ],
	[ 367,407,286 ],
	[ 287,367,286 ],
	[ 287,286,242 ],
	[ 243,287,242 ],
	[ 243,242,203 ],
	[ 173,243,203 ],
	[ 173,203,155 ],
	[ 156,173,155 ],
	[ 156,155,142 ],
	[ 143,156,142 ],
	[ 143,142,129 ],
	[ 123,143,129 ],
	[ 123,129,125 ],
	[ 126,123,125 ],
	[ 126,125,134 ],
	[ 135,126,134 ],
	[ 135,134,148 ],
	[ 166,135,148 ],
	[ 166,148,187 ],
	[ 188,166,187 ],
	[ 188,187,222 ],
	[ 223,188,222 ],
	[ 223,222,258 ],
	[ 259,223,258 ],
	[ 259,258,354 ],
	[ 387,259,354 ],
	[ 387,354,426 ],
	[ 427,387,426 ],
	[ 427,426,460 ],
	[ 354,258,426 ],
	[ 258,222,426 ],
	[ 222,187,426 ],
	[ 187,148,426 ],
	[ 148,134,426 ],
	[ 134,125,426 ],
	[ 125,129,426 ],
	[ 129,142,426 ],
	[ 142,155,426 ],
	[ 155,203,426 ],
	[ 203,242,426 ],
	[ 242,286,426 ],
	[ 286,407,426 ],
	[ 407,442,426 ],
	[ 442,471,426 ],
	[ 471,499,426 ],
	[ 499,515,426 ],
	[ 515,518,426 ],
	[ 518,494,426 ],
	[ 494,460,426 ],
	[ 324,262,366 ],
	[ 262,372,366 ],
	[ 372,375,365 ],
	[ 366,372,365 ],
	[ 366,365,257 ],
	[ 324,366,257 ],
	[ 324,257,262 ],
	[ 372,262,375 ],
	[ 257,365,262 ],
	[ 365,375,262 ],
];
